789
2123
4181
4279
2514
1007
0
2886
2886
3549
23808
3323
3717
21643
4187
0
2823
23809
3395
1208
0
10551
2653
3000
15640
23077
2857
2857
2200
2200
2846
20205
1609
2621
2206
19591
3474
3474
7832
4685
3362
0
10147
323
15510
2432
3394
8565
18924
1945
1945
2244
3458
1772
3733
0
9960
1935
19309
19282
18940
4485
22791
1825
1443
1443
22789
22740
1184
3664
214
22024
2333
19287
23811
20109
4098
1879
932
1700
1700
4932
1135
1135
4381
12481
2227
2762
3438
8629
12004
1301
2203
14916
12681
2799
2799
3260
22885
563
1163
2399
3448
3448
1050
1323
2099
4303
2579
21140
23737
3036
1653
3303
3303
1445
2079
4184
13190
20308
678
1066
12491
19485
19485
3475
920
2593
2613
1580
0
20057
945
0
12183
17335
1916
2803
13191
22849
23757